 Hardware monitoring log v1.6 
 NVIDIA GeForce RTX 2080
Framerate           








%.1f                

































%.1f                




239.500             
239.500             
236.900             
237.100             
239.500             
239.800             
239.600             
239.500             
239.600             
239.700             
239.800             
239.600             
239.100             
239.300             
238.800             
239.600             
239.600             
239.600             
239.400             
239.600             
237.900             
238.800             
237.500             
239.700             
239.600             
239.200             
238.900             
238.300             
