233
236
236
231
230
227
228
231
228
231
233
227
232
230
230
230
216
217
224
217
211
224
226
221
221
216
212
204
204
181
181
201
218
214
222
213
213
213
213
189
189
211
214
214
215
218
222
218
223
221
224
223
219
224
217
214
207
212
216
218
196
213
217
217
217
172
172
197
196
199
199
198
193
188
191
191
195
194
200
184
184
197
186
201
198
207
194
185
178
156
160
159
159
163
158
158
156
156
153
150
151
150
153
154
149
157
160
162
153
153
155
155
143
152
157
160
149
150
159
154
139
155
161
145
127
126
138
128
135
139
139
137
139
139
139
139
143
145
152
141
139
149
146
153
144
149
149
149
149
149
159
158
159
153
154
154
147
127
127
141
137
125
135
134
121
121
134
137
141
144
143
143
138
137
142
157
150
149
142
142
141
133
141
141
141
145
136
133
134
139
127
147
142
130
137
137
137
126
126
120
142
141
147
151
148
148
148
148
148
148
148
148
146
152
152
152
152
152
152
152
152
152
152
152
152
151
130
125
125
136
138
134
144
144
144
162
161
161
161
161
167
154
158
158
138
149
142
136
136
133
135
132
135
131
131
143
134
134
136
136
139
146
135
117
111
127
124
115
131
138
131
134
143
143
139
139
131
131
119
119
123
123
123
112
112
112
103
112
112
112
112
115
117
124
124
128
128
131
123
131
134
132
125
125
122
128
128
122
121
129
122
119
126
129
118
126
130
128
131
131
131
131
131
131
131
131
131
141
138
135
130
131
131
133
137
126
127
116
119
124
128
129
143
134
134
129
116
118
120
122
137
141
141
142
136
136
139
139
142
143
145
144
135
139
139
139
139
136
120
132
137
137
137
142
142
146
146
151
151
145
147
156
153
152
161
155
163
164
157
157
159
159
155
155
148
158
144
132
126
127
132
122
133
143
139
135
137
127
128
131
131
131
142
142
135
141
141
149
153
153
151
146
142
137
137
129
127
131
134
136
137
136
134
142
144
144
145
123
121
113
127
126
134
136
141
143
139
149
154
149
146
128
129
135
137
137
135
132
125
124
129
130
130
131
131
131
141
142
142
143
145
145
148
152
149
147
148
144
143
146
148
138
151
147
152
146
142
126
126
125
121
129
131
136
127
132
128
128
131
134
137
137
139
142
131
133
133
140
134
139
143
144
137
125
137
137
134
132
127
127
132
126
121
124
131
131
132
132
133
133
138
125
141
143
149
141
141
143
149
137
139
141
125
126
126
124
124
124
116
118
121
120
124
142
129
131
131
137
141
132
144
153
155
158
150
148
148
153
153
159
166
164
162
158
158
158
147
142
135
133
133
132
119
129
134
129
117
138
138
146
141
137
137
149
149
152
152
151
148
139
146
136
136
134
137
133
121
116
120
120
128
128
136
124
127
119
132
133
137
137
134
137
138
138
126
126
126
129
131
125
126
124
130
133
131
128
117
116
111
112
119
116
109
111
117
119
122
126
117
118
118
117
133
136
132
133
135
133
129
130
138
138
139
125
125
132
125
127
116
116
122
112
111
119
122
124
117
122
125
125
116
119
118
125
124
126
120
125
123
126
121
127
122
120
137
131
131
128
121
123
127
127
148
148
135
146
146
137
135
147
142
136
132
135
135
146
160
157
143
148
141
118
148
138
138
142
129
132
145
141
132
117
118
124
124
124
135
136
137
137
143
146
146
141
145
145
148
136
144
144
139
132
138
135
138
128
139
129
129
132
139
122
137
142
139
141
134
139
139
137
136
145
136
136
136
148
147
147
137
137
5
5
182
173
172
162
156
154
154
118
131
133
133
131
132
131
129
129
141
130
134
151
148
152
143
135
134
119
119
129
121
133
129
127
125
126
127
127
117
117
119
116
122
123
118
118
122
122
119
119
127
123
131
128
131
128
127
123
127
127
127
127
126
119
113
117
168
110
169
169
114
122
115
112
118
126
128
130
125
122
127
131
117
117
127
135
142
137
137
126
132
132
132
139
141
137
123
122
114
119
119
123
128
123
124
127
139
139
139
139
132
145
137
131
139
138
129
138
135
146
149
145
145
148
143
145
145
145
136
136
133
136
131
132
132
141
135
128
128
119
135
134
142
137
137
137
113
123
124
125
128
117
142
147
147
145
143
143
125
114
124
119
124
122
119
125
126
146
146
148
148
148
128
139
135
135
136
128
128
138
139
132
136
138
133
133
135
135
135
129
129
136
136
136
132
133
127
132
127
119
119
123
125
121
125
118
115
127
132
132
129
125
136
126
119
123
123
123
117
118
116
111
106
106
119
119
116
114
113
119
118
132
127
151
148
158
150
142
136
141
135
130
133
147
158
152
157
135
129
125
129
132
128
135
139
145
149
158
158
135
151
157
151
156
151
157
149
128
138
133
150
152
150
158
150
151
149
144
141
137
133
137
138
138
133
133
133
133
133
149
154
149
141
143
135
129
145
139
139
139
139
149
148
145
145
142
133
138
130
136
133
132
123
132
132
131
131
127
137
137
135
137
131
133
135
135
137
131
132
132
136
136
133
133
137
124
116
115
115
117
117
109
109
111
111
111
111
113
107
107
107
106
113
113
113
103
119
119
119
119
119
119
126
125
125
125
142
142
128
125
128
126
126
115
128
133
131
129
130
123
131
137
140
129
139
137
145
147
147
143
156
149
167
167
153
135
126
118
113
115
117
125
125
141
135
133
132
121
123
127
126
126
122
126
128
129
128
128
128
128
128
