175.200             
173.000             
170.700             
148.900             
156.900             
157.300             
157.900             
173.400             
172.900             
162.300             
181.900             
167.500             
163.100             
165.000             
163.100             
168.700             
171.000             
170.700             
170.000             
172.800             
174.900             
177.900             
173.100             
171.000             
171.600             
171.900             
172.200             
169.100             
173.500             
181.500             
176.100             
180.000             
168.300             
173.200             
174.200             
180.400             
164.500             
167.100             
172.000             
172.900             
173.600             
170.500             
165.500             
177.700             
173.000             
179.600             
183.600             
182.100             
177.800             
182.300             
180.200             
182.600             
178.800             
180.700             
172.300             
171.500             
174.400             
175.200             
175.700             
179.700             
187.500             
183.000             
180.100             
173.900             
171.700             
165.900             
156.500             
174.300             
169.400             
161.400             
155.300             
164.700             
172.500             
170.700             
166.900             
158.000             
157.900             
160.900             
159.500             
162.300             
165.300             
165.700             
164.500             
165.900             
162.400             
161.200             
176.800             
179.900             
182.400             
176.400             
174.000             
175.100             
177.900             
184.900             
183.600             
175.300             
167.700             
173.900             
164.800             
161.800             
168.700             
173.700             
169.800             
162.300             
157.400             
164.700             
160.800             
165.300             
169.700             
175.800             
176.500             
173.300             
174.400             
187.200             
179.700             
172.900             
167.700             
168.900             
168.400             
171.700             
177.300             
166.600             
172.200             
175.300             
177.200             
175.200             
157.100             
150.900             
154.500             
154.500             
152.700             
153.700             
159.100             
152.300             
156.800             
165.400             
172.900             
182.500             
181.900             
174.800             
173.100             
163.900             
170.400             
179.200             
177.400             
174.200             
182.200             
187.400             
182.900             
188.100             
174.600             
173.100             
168.700             
167.100             
162.300             
170.000             
158.800             
149.000             
148.800             
145.500             
145.900             
157.600             
150.000             
144.500             
148.200             
157.600             
157.900             
159.100             
164.500             
176.100             
177.600             
178.100             
179.000             
179.800             
171.700             
167.200             
168.900             
179.900             
184.300             
176.800             
171.300             
172.800             
168.200             
171.000             
172.300             
172.700             
168.400             
164.500             
162.900             
162.200             
156.700             
157.800             
154.300             
160.300             
163.500             
160.300             
159.100             
159.400             
163.600             
160.400             
162.100             
160.300             
158.200             
150.800             
152.600             
157.100             
158.700             
143.600             
147.200             
145.400             
144.500             
145.100             
154.100             
156.200             
157.000             
160.500             
144.400             
148.100             
146.300             
146.600             
150.200             
147.700             
147.500             
148.100             
147.700             
149.500             
151.100             
147.200             
149.600             
152.000             
153.300             
158.900             
152.600             
164.400             
175.800             
184.400             
179.100             
160.400             
148.500             
192.700             
174.000             
167.900             
166.800             
163.100             
165.500             
167.400             
160.200             
155.800             
150.900             
149.900             
149.600             
155.900             
154.600             
148.200             
142.600             
145.600             
148.500             
148.100             
153.900             
157.000             
156.400             
157.100             
139.500             
146.600             
144.900             
141.400             
137.700             
140.900             
141.300             
146.100             
149.900             
153.000             
153.100             
159.600             
170.100             
177.000             
160.400             
155.600             
152.100             
147.800             
141.000             
132.000             
127.300             
136.100             
135.800             
148.200             
157.500             
153.500             
140.000             
139.600             
145.300             
151.600             
152.500             
157.200             
169.600             
167.400             
164.900             
162.900             
178.200             
201.500             
202.000             
205.500             
214.500             
211.500             
210.800             
199.300             
192.300             
205.600             
199.400             
194.900             
191.300             
202.500             
199.100             
187.400             
180.700             
177.400             
177.000             
178.800             
179.000             
179.400             
186.200             
192.000             
196.500             
202.000             
202.800             
201.300             
198.400             
196.200             
190.600             
189.700             
184.500             
179.000             
186.700             
192.100             
194.000             
202.200             
191.200             
188.600             
179.200             
179.300             
170.500             
180.800             
173.300             
186.900             
186.500             
191.800             
188.300             
188.300             
183.400             
188.100             
175.900             
169.600             
173.600             
175.900             
179.900             
185.400             
185.200             
185.700             
172.800             
178.200             
181.900             
187.200             
191.800             
192.300             
187.600             
182.500             
164.400             
175.100             
179.300             
177.700             
191.000             
195.600             
181.300             
176.200             
183.900             
178.600             
185.200             
174.600             
182.900             
178.000             
176.900             
169.900             
176.100             
174.600             
173.900             
174.500             
178.600             
184.600             
183.700             
178.300             
180.900             
177.900             
182.500             
183.900             
181.000             
168.500             
167.900             
169.100             
155.200             
147.700             
145.600             
145.700             
156.600             
153.300             
152.100             
151.100             
144.600             
144.900             
147.200             
151.800             
145.900             
148.200             
145.700             
141.700             
137.100             
146.900             
147.300             
153.200             
167.800             
170.200             
179.900             
189.500             
187.700             
182.600             
172.000             
185.100             
182.800             
177.100             
179.000             
172.300             
168.900             
173.800             
163.600             
166.200             
166.100             
171.000             
174.400             
162.000             
161.800             
160.800             
157.200             
163.300             
164.700             
168.600             
178.900             
182.400             
176.200             
162.600             
160.800             
164.700             
168.900             
165.200             
171.700             
172.400             
170.000             
161.300             
156.000             
154.200             
157.800             
145.100             
139.400             
139.900             
161.100             
176.300             
182.500             
192.600             
202.500             
209.700             
208.800             
219.500             
216.900             
220.800             
