240
240
240
240
233
233
233
233
233
234
234
234
234
234
234
234
234
234
236
237
237
237
237
236
235
235
235
235
235
220
220
220
220
220
233
236
233
233
230
230
230
230
230
233
235
234
233
233
233
236
236
236
234
234
235
236
236
236
233
233
232
232
234
233
233
233
233
233
213
213
213
210
210
213
213
213
213
213
213
213
213
213
213
213
213
213
217
217
217
217
217
177
178
178
178
179
179
170
164
164
164
160
160
170
170
167
167
176
176
171
169
169
167
153
156
160
160
161
163
157
157
159
159
160
156
148
148
148
138
139
139
139
143
143
143
149
143
143
155
160
153
157
156
156
156
153
156
154
157
159
157
159
160
163
159
159
154
154
149
149
147
137
134
134
137
130
137
137
137
137
137
137
137
139
139
150
150
159
157
153
151
151
148
148
150
143
143
143
143
143
149
149
148
148
141
136
143
143
153
153
136
136
136
153
153
156
163
161
159
159
153
153
157
150
158
153
151
155
146
146
147
149
157
157
159
160
160
148
149
148
148
141
151
153
156
156
156
170
170
170
170
170
167
163
163
157
159
153
148
143
145
145
145
148
147
147
147
147
154
148
148
148
156
156
156
149
149
149
149
149
149
149
149
149
150
157
151
148
148
135
135
133
134
134
134
128
128
128
119
113
113
123
123
123
133
139
149
145
145
145
141
141
141
143
143
143
143
138
134
133
133
136
136
137
137
133
134
137
143
143
146
149
159
159
159
168
168
168
168
149
149
149
143
143
143
148
143
141
138
133
133
141
150
149
149
150
143
128
130
129
136
148
149
149
149
149
149
149
151
149
149
157
160
157
169
156
153
150
150
149
151
149
157
159
159
157
157
159
162
167
162
163
163
163
163
163
163
187
188
188
173
173
173
171
171
171
167
163
150
150
139
149
150
150
149
149
146
146
146
135
134
136
136
136
151
150
150
149
151
160
162
156
154
154
151
151
151
151
151
151
137
139
139
139
145
145
145
150
150
139
149
139
139
139
148
153
154
153
153
153
166
160
148
148
148
149
150
149
145
149
139
139
145
145
145
145
151
153
151
149
149
153
154
150
153
150
150
156
151
153
153
153
163
161
160
160
160
157
157
157
137
139
139
139
139
149
149
138
139
143
143
143
149
149
149
149
149
157
156
151
150
150
155
154
149
148
148
148
149
149
139
139
128
128
133
138
134
134
134
134
134
134
134
134
134
147
147
149
143
148
148
148
148
148
133
133
133
133
133
119
119
133
136
141
154
154
140
140
140
153
153
153
153
153
169
169
169
169
169
176
176
179
179
175
170
170
163
163
152
148
137
137
149
149
149
149
149
155
160
160
160
156
156
156
159
159
159
164
165
161
156
156
156
148
148
148
137
137
128
128
134
143
143
149
134
134
134
134
150
151
151
148
151
151
151
143
143
145
145
143
143
137
139
140
140
140
140
134
129
129
129
129
127
127
127
129
129
136
136
133
130
130
130
130
130
143
143
149
149
149
149
148
151
151
151
151
139
136
134
129
129
129
129
127
126
126
133
128
128
128
128
130
130
130
130
130
130
130
133
133
134
134
134
129
129
139
139
139
139
139
132
132
139
163
157
155
156
156
156
150
151
150
150
143
143
149
156
156
167
167
159
149
154
152
154
150
148
149
149
149
148
143
136
136
137
137
149
143
148
150
160
160
160
162
166
166
163
160
160
159
158
159
154
149
149
151
151
155
151
150
149
155
156
156
156
156
154
149
150
149
148
148
154
156
157
157
157
160
150
150
197
197
197
197
152
152
189
189
176
170
151
151
151
151
151
150
150
150
155
157
161
161
161
161
161
157
151
151
134
133
133
133
133
133
133
133
143
143
137
136
137
134
134
138
138
138
133
133
136
137
137
149
149
149
145
145
145
145
141
138
138
138
134
130
130
130
129
123
123
123
123
123
127
127
123
127
127
134
137
136
133
134
136
136
136
136
152
153
150
150
150
150
150
150
153
153
149
149
149
130
133
133
139
139
139
137
137
137
143
143
159
151
160
160
160
154
149
149
151
156
156
164
159
163
179
179
164
164
164
146
146
146
151
149
149
155
163
163
163
163
163
151
153
154
154
152
143
143
143
143
141
143
143
163
163
167
160
160
155
155
155
149
137
141
136
138
138
149
160
157
157
156
154
148
150
153
153
153
148
147
156
156
156
156
153
152
156
163
160
145
146
155
153
157
156
153
150
148
148
143
143
143
137
137
139
139
138
139
139
139
139
139
143
143
143
143
135
133
134
130
130
130
130
130
120
123
123
123
130
129
134
134
143
154
177
177
178
178
169
160
163
160
160
154
167
173
171
171
171
143
143
143
143
139
143
143
150
153
153
176
171
178
178
171
176
176
179
179
150
150
159
159
159
159
159
169
170
170
170
160
153
154
154
150
152
146
156
169
164
164
170
170
163
157
157
157
157
162
162
163
163
162
170
167
163
159
160
151
151
154
151
154
157
149
149
149
151
154
154
153
155
155
155
156
154
159
160
159
159
148
149
154
154
154
148
151
147
139
139
134
137
133
133
133
133
133
133
133
133
123
123
123
123
126
126
126
130
143
139
139
136
137
135
137
138
138
139
139
139
149
132
134
137
149
149
143
143
150
151
150
149
151
154
152
151
154
154
154
154
162
162
162
169
169
189
167
151
151
132
133
136
136
136
136
154
154
149
147
149
139
139
139
139
139
129
137
137
137
137
137
146
146
146
143
139
139
139
139
134
134
123
123
129
149
143
135
135
135
137
138
149
149
153
160
160
160
160
159
159
163
163
163
159
159
159
149
145
133
133
123
123
130
137
137
137
137
137
137
137
137
176
173
