180.800             
177.400             
178.900             
158.900             
159.000             
156.500             
165.900             
179.600             
180.700             
177.600             
196.600             
168.500             
161.800             
162.800             
161.500             
164.200             
168.100             
169.600             
168.100             
170.700             
173.600             
175.400             
175.000             
168.600             
170.900             
168.900             
169.100             
166.300             
169.500             
177.100             
174.400             
176.700             
169.200             
171.700             
172.900             
176.800             
175.300             
176.200             
182.500             
184.000             
191.200             
177.700             
170.100             
180.300             
174.300             
178.700             
187.300             
183.200             
180.800             
185.200             
182.600             
186.700             
180.200             
180.600             
176.500             
173.300             
174.700             
174.700             
180.400             
187.000             
190.600             
186.100             
181.500             
173.400             
174.100             
171.900             
179.700             
184.300             
181.400             
176.900             
166.900             
168.200             
174.000             
170.900             
171.400             
162.300             
159.600             
160.700             
163.300             
162.900             
165.500             
170.900             
167.200             
164.400             
163.500             
160.900             
179.900             
183.700             
184.900             
180.500             
174.200             
183.100             
180.000             
186.200             
189.700             
180.300             
183.600             
188.500             
178.300             
185.400             
184.400             
177.800             
171.900             
172.300             
163.700             
166.700             
162.800             
169.000             
175.600             
180.700             
183.800             
177.900             
182.500             
194.000             
183.200             
175.400             
172.500             
157.900             
171.800             
175.600             
175.300             
166.500             
172.300             
174.700             
178.200             
174.800             
169.600             
172.100             
167.100             
165.500             
162.200             
154.200             
159.200             
151.300             
157.300             
164.600             
169.300             
178.800             
180.800             
176.600             
173.500             
164.800             
169.700             
176.700             
176.400             
175.800             
185.000             
189.800             
189.700             
191.800             
179.200             
172.000             
168.700             
170.000             
163.600             
169.600             
168.200             
158.800             
154.100             
157.300             
153.700             
159.700             
151.000             
143.200             
146.900             
155.000             
157.200             
156.200             
161.900             
172.300             
171.700             
174.600             
175.600             
177.200             
174.200             
169.500             
170.800             
178.600             
185.000             
177.800             
172.900             
176.100             
168.700             
170.600             
172.200             
173.300             
175.400             
167.400             
167.000             
165.000             
159.600             
153.200             
148.800             
153.600             
159.900             
157.000             
157.700             
160.400             
164.100             
162.300             
163.000             
159.600             
158.700             
152.300             
157.900             
157.300             
163.100             
154.800             
157.300             
159.800             
153.000             
153.100             
156.800             
154.700             
154.700             
160.100             
152.900             
154.300             
154.400             
153.500             
157.200             
148.400             
148.800             
148.400             
147.300             
147.800             
150.600             
147.700             
153.400             
152.000             
155.800             
157.400             
157.500             
165.800             
174.400             
184.500             
180.800             
162.300             
150.500             
191.500             
174.300             
169.900             
169.200             
165.300             
167.900             
170.000             
172.600             
167.300             
162.400             
163.200             
160.800             
159.700             
157.900             
153.200             
146.200             
149.400             
151.000             
146.900             
154.200             
158.100             
148.000             
157.100             
144.900             
151.200             
150.200             
146.900             
142.400             
144.800             
142.900             
151.200             
153.500             
155.900             
159.200             
164.800             
173.400             
183.500             
169.800             
160.800             
160.200             
155.700             
148.900             
134.100             
131.600             
138.200             
141.900             
151.500             
163.300             
159.800             
144.000             
142.800             
152.900             
153.900             
159.700             
158.500             
166.100             
165.400             
163.200             
160.800             
177.300             
195.500             
210.000             
213.400             
214.800             
212.500             
212.400             
206.500             
181.800             
206.300             
210.200             
204.700             
203.600             
197.100             
195.800             
189.100             
184.600             
180.100             
179.700             
182.500             
187.400             
187.400             
187.900             
194.700             
201.100             
205.700             
201.900             
207.100             
201.200             
198.000             
196.600             
194.300             
190.400             
191.400             
198.500             
202.500             
205.500             
208.200             
210.900             
205.300             
196.600             
195.500             
184.100             
184.800             
175.900             
179.500             
191.900             
193.200             
191.000             
189.500             
177.800             
175.900             
175.400             
171.300             
174.000             
176.300             
179.100             
184.500             
184.000             
185.800             
173.400             
182.100             
184.200             
182.500             
194.400             
188.200             
185.100             
184.900             
185.700             
188.900             
187.800             
188.000             
198.200             
192.500             
182.600             
179.800             
186.000             
181.100             
186.700             
184.400             
189.300             
186.400             
180.900             
173.700             
180.900             
181.200             
178.100             
180.700             
179.700             
185.400             
185.800             
181.600             
185.300             
183.400             
190.500             
187.900             
189.400             
181.300             
183.600             
180.300             
165.100             
158.800             
154.000             
149.700             
161.000             
157.400             
156.800             
153.300             
147.500             
148.800             
149.100             
152.900             
140.600             
147.000             
138.600             
139.200             
133.100             
142.700             
143.300             
146.500             
157.900             
162.200             
174.600             
182.300             
189.000             
174.300             
160.300             
174.500             
194.700             
190.100             
195.900             
191.700             
187.100             
181.600             
173.000             
171.400             
174.600             
181.500             
184.600             
167.600             
166.500             
166.700             
162.500             
166.100             
167.500             
170.700             
184.900             
193.200             
193.400             
175.400             
172.300             
173.400             
177.900             
176.300             
176.700             
178.100             
172.300             
158.600             
160.900             
166.200             
168.800             
157.200             
150.800             
144.300             
168.600             
182.900             
189.800             
201.400             
208.700             
212.400             
